
=== PAGE 25 ===

2019 Kenya Population and Housing Census: Volume II
Table 2.3: Distribution of Population by Sex, Number of Households, Land Area, Population Density and Sub County
Sex* Households Land Area Density
Sub County Group Persons Per
Total Male Female Total Conventional Sq. Km
Quarters Sq. Km
KENYA 4 7,564,296 23,548,056 24,014,716 12,143,913 12,043,016 100,897 580,895 82
MOMBASA 1 ,208,333 610,257 598,046 378,422 376,295 2,127 220 5,495
CHANGAMWE 1 31,882 68,761 63,121 46,614 46,439 175 18 7,457
JOMVU 1 63,415 83,002 80,410 53,472 53,214 258 37 4,432
KISAUNI 2 91,930 146,748 145,176 88,202 88,159 43 88 3,328
LIKONI 2 50,358 126,962 123,392 81,191 80,002 1,189 40 6,187
MVITA 1 54,171 75,565 78,601 38,995 38,710 285 15 10,543
NYALI 2 16,577 109,219 107,346 69,948 69,771 177 23 9,610
KWALE 8 66,820 425,121 441,681 173,176 172,802 374 8,254 105
KINANGO 9 4,220 45,413 48,806 16,043 16,041 2 1,612 58
LUNGA LUNGA 1 98,423 97,174 101,245 37,366 37,276 90 2,765 72
MATUGA 1 94,252 95,831 98,419 39,231 39,124 107 1,034 188
MSAMBWENI 1 77,690 89,206 88,480 45,466 45,374 92 412 432
SAMBURU 2 02,235 97,497 104,731 35,070 34,987 83 2,430 83
KILIFI 1 ,453,787 704,089 749,673 298,472 297,990 482 12,553 116
CHONYI 6 2,335 29,527 32,807 11,421 11,416 5 193 324
GANZE 1 43,906 66,921 76,981 23,258 23,197 61 3,218 45
KALOLENI 1 93,682 92,614 101,063 36,355 36,344 11 706 274
KAUMA 2 2,638 10,965 11,673 3,479 3,479 - 181 125
KILIFI NORTH 1 78,824 86,986 91,836 39,512 39,508 4 264 676
KILIFI SOUTH 2 06,753 101,852 104,897 53,074 53,011 63 290 712
MAGARINI 1 91,610 93,302 98,308 33,017 32,978 39 5,229 37
MALINDI 3 33,226 163,351 169,866 73,547 73,317 230 2,263 147
RABAI 1 20,813 58,571 62,242 24,809 24,740 69 208 581
TANA RIVER 3 15,943 158,550 157,391 68,242 66,984 1,258 37,904 8
TANA DELTA 1 10,640 55,716 54,924 22,791 22,395 396 15,432 7
TANA NORTH 1 16,757 59,123 57,632 26,886 26,119 767 13,305 9
TANA RIVER 8 8,546 43,711 44,835 18,565 18,470 95 9,167 10
LAMU 1 43,920 76,103 67,813 37,963 34,231 3,732 6,283 23
LAMU EAST 2 2,258 11,675 10,583 5,090 4,476 614 2,338 10
LAMU WEST 1 21,662 64,428 57,230 32,873 29,755 3,118 3,945 31
TAITA/TAVETA 3 40,671 173,337 167,327 96,429 94,468 1,961 17,152 20
MWATATE 8 1,659 41,426 40,231 23,698 23,184 514 2,723 30
TAITA 5 5,959 28,386 27,573 15,094 14,985 109 478 117
TAVETA 9 1,222 47,410 43,812 24,115 23,417 698 6,399 14
VOI 1 11,831 56,115 55,711 33,522 32,882 640 7,553 15
GARISSA 8 41,353 458,975 382,344 141,394 138,940 2,454 44,753 19
BALAMBALA 3 2,257 20,277 11,979 4,337 3,986 351 3,684 9
DADAAB 1 85,252 99,059 86,185 35,793 35,169 624 6,415 29
FAFI 1 34,040 72,617 61,413 23,671 23,351 320 15,050 9
GARISSA 1 63,914 83,460 80,449 30,518 29,790 728 3,318 49
HULUGHO 1 33,984 78,081 55,898 20,254 20,078 176 7,737 17
IJARA 1 41,591 80,458 61,129 18,481 18,296 185 2,453 58
LAGDERA 5 0,315 25,023 25,291 8,340 8,270 70 6,096 8
WAJIR 7 81,263 415,374 365,840 127,932 126,878 1,054 56,774 14
BUNA 4 9,886 26,796 23,088 6,480 6,480 - 3,888 13
ELDAS 8 9,104 45,028 44,069 13,961 13,862 99 4,492 20
HABASWEIN 1 74,134 94,613 79,505 31,292 31,113 179 10,912 16
TARBAJ 5 6,637 26,856 29,776 9,309 9,241 68 9,608 6
WAJIR EAST 1 10,654 59,359 51,292 18,674 18,282 392 4,053 27
WAJIR NORTH 6 2,206 31,990 30,209 10,490 10,478 12 4,042 15
WAJIR SOUTH 1 16,814 64,947 51,864 21,364 21,149 215 10,734 11
WAJIR WEST 1 21,828 65,785 56,037 16,362 16,273 89 9,044 13
MANDERA 8 67,457 434,976 432,444 125,763 123,954 1,809 25,942 33
MANDERA WEST 9 8,300 48,166 50,130 14,274 14,201 73 4,018 24
BANISA 1 52,598 78,301 74,288 24,285 24,000 285 3,944 39
KOTULO 7 2,394 35,799 36,593 9,446 9,342 104 2,509 29
*Intersex figures are too few to be distributed at sub national level. Totals may therefore differ slightly. 14


=== PAGE 26 ===

2019 Kenya Population and Housing Census: Volume II
Table 2.3: Distribution of Population by Sex, Number of Households, Land Area, Population Density and Sub County
Sex* Households Land Area Density
Sub County Group Persons Per
Total Male Female Total Conventional Sq. Km
Quarters Sq. Km
LAFEY 8 3,457 40,476 42,976 11,597 11,380 217 3,795 22
MANDERA CENTRAL 1 57,220 71,688 85,527 21,140 20,795 345 4,032 39
MANDERA EAST 1 59,638 83,538 76,095 25,904 25,206 698 2,506 64
MANDERA NORTH 1 43,850 77,008 66,835 19,117 19,030 87 5,138 28
MARSABIT 4 59,785 243,548 216,219 77,495 76,689 806 70,944 6
LOIYANGALANI 3 5,713 17,659 18,051 7,774 7,646 128 11,789 3
MARSABIT CENTRAL 7 9,181 40,956 38,214 15,849 15,658 191 2,143 37
MARSABIT NORTH 5 4,297 30,091 24,205 7,521 7,468 53 19,837 3
MARSABIT SOUTH 6 5,376 33,215 32,161 11,615 11,563 52 8,447 8
MOYALE 1 08,949 56,440 52,508 17,709 17,591 118 3,327 33
NORTH HORR 7 1,447 41,719 29,726 9,789 9,601 188 19,337 4
SOLOLO 4 4,822 23,468 21,354 7,238 7,162 76 6,064 7
ISIOLO 2 68,002 139,510 128,483 58,072 53,217 4,855 25,349 11
GARBATULLA 9 9,730 54,661 45,068 18,661 17,047 1,614 9,902 10
ISIOLO 1 21,066 60,414 60,647 29,853 27,612 2,241 2,691 45
MERTI 4 7,206 24,435 22,768 9,558 8,558 1,000 12,756 4
MERU 1 ,545,714 767,698 777,975 426,360 423,931 2,429 7,014 220
BUURI EAST 7 6,598 38,101 38,497 23,834 23,737 97 333 230
BUURI WEST 8 0,762 40,496 40,264 27,973 27,905 68 639 126
IGEMBE CENTRAL 2 21,412 111,208 110,200 52,031 51,848 183 603 367
IGEMBE NORTH 1 69,317 83,364 85,949 38,871 38,716 155 1,113 152
IGEMBE SOUTH 1 61,646 80,192 81,446 43,281 43,222 59 255 633
IMENTI NORTH 1 77,567 88,506 89,056 57,668 57,556 112 232 767
IMENTI SOUTH 2 06,506 103,338 103,162 64,186 63,954 232 418 494
MERU CENTRAL 1 33,818 66,920 66,894 39,595 39,498 97 377 355
TIGANIA CENTRAL 1 04,730 51,814 52,916 25,039 24,983 56 237 441
TIGANIA EAST 7 2,549 35,352 37,194 17,185 16,791 394 511 142
TIGANIA WEST 1 39,961 67,715 72,241 36,207 35,402 805 399 351
MERU NATIONAL PARK 3 85 283 102 207 46 161 838 ..
MT. KENYA FOREST 4 63 409 54 283 273 10 1,060 ..
THARAKA-NITHI 3 93,177 193,764 199,406 109,860 109,450 410 2,564 153
IGAMBANG'OMBE 5 3,210 26,464 26,745 14,398 14,383 15 323 165
MAARA 1 14,894 57,689 57,205 35,041 34,779 262 266 431
MERU SOUTH 9 1,080 44,923 46,155 28,249 28,211 38 139 656
THARAKA NORTH 5 8,345 28,290 30,053 13,413 13,403 10 839 70
THARAKA SOUTH 7 5,250 36,190 39,058 18,646 18,603 43 637 118
MOUNT KENYA FOREST 3 98 208 190 113 71 42 360 1
EMBU 6 08,599 304,208 304,367 182,743 182,427 316 2,821 216
EMBU EAST 1 29,564 64,571 64,991 39,678 39,586 92 253 512
EMBU NORTH 7 9,556 39,665 39,888 24,300 24,294 6 111 719
EMBU WEST 1 27,100 63,125 63,966 43,153 43,126 27 158 804
MBEERE SOUTH 1 63,476 83,311 80,159 46,065 45,924 141 1,312 125
MBEERE NORTH 1 08,881 53,517 55,360 29,528 29,483 45 784 139
MOUNT KENYA FOREST 2 2 19 3 19 14 5 203 ..
KITUI 1 ,136,187 549,003 587,151 262,942 261,814 1,128 30,430 37
IKUTHA 8 2,964 39,986 42,976 16,679 16,579 100 9,033 9
KATULANI 4 7,108 23,150 23,957 12,170 12,166 4 324 146
KISASI 4 6,142 22,646 23,496 10,866 10,860 6 295 157
KITUI CENTRAL 1 05,991 52,123 53,863 29,057 29,026 31 422 251
KITUI WEST 7 0,871 33,887 36,983 17,497 17,465 32 416 170
KYUSO 7 6,867 36,789 40,077 15,993 15,969 24 2,525 30
LOWER YATTA 6 3,329 31,701 31,628 15,454 15,021 433 1,191 53
MATINYANI 4 7,811 23,362 24,448 11,513 11,497 16 264 181
MIGWANI 7 9,255 37,525 41,726 19,096 18,843 253 635 125
MUMONI 2 9,344 13,748 15,596 6,496 6,451 45 611 48
MUTITU 5 5,287 26,388 28,896 11,521 11,490 31 4,710 12
MUTITU NORTH 2 1,215 10,337 10,877 4,929 4,929 - 548 39
*Intersex figures are too few to be distributed at sub national level. Totals may therefore differ slightly. 15


=== PAGE 27 ===

2019 Kenya Population and Housing Census: Volume II
Table 2.3: Distribution of Population by Sex, Number of Households, Land Area, Population Density and Sub County
Sex* Households Land Area Density
Sub County Group Persons Per
Total Male Female Total Conventional Sq. Km
Quarters Sq. Km
MUTOMO 1 13,356 54,819 58,531 23,044 23,034 10 2,853 40
MWINGI CENTRAL 1 08,713 52,539 56,174 26,753 26,745 8 1,146 95
MWINGI EAST 8 5,139 40,314 44,820 18,730 18,725 5 3,418 25
NZAMBANI 4 6,788 22,929 23,857 11,276 11,276 - 320 146
THAGICU 1 5,136 7,141 7,994 3,289 3,289 - 363 42
TSEIKURU 4 0,871 19,619 21,252 8,579 8,449 130 1,356 30
MACHAKOS 1 ,421,932 710,707 711,191 402,466 399,523 2,943 6,037 236
ATHI RIVER 3 22,499 164,322 158,172 109,735 109,723 12 835 386
KALAMA 5 4,462 26,764 27,692 14,182 14,137 45 480 113
KANGUNDO 9 7,917 48,697 49,219 26,142 26,115 27 173 565
KATHIANI 1 11,890 54,910 56,976 28,730 28,730 - 204 548
MACHAKOS 1 70,606 85,486 85,114 50,979 50,753 226 280 609
MASINGA 1 48,522 73,519 75,001 36,251 36,196 55 1,407 106
MATUNGULU 1 61,557 81,145 80,407 44,454 44,399 55 581 278
MWALA 1 81,896 90,427 91,466 45,840 45,809 31 1,013 179
YATTA 1 72,583 85,437 87,144 46,153 43,661 2,492 1,062 162
MAKUENI 9 87,653 489,691 497,942 244,669 243,979 690 8,177 121
KATHONZWENI 7 9,780 39,335 40,442 18,365 18,362 3 881 91
KIBWEZI 1 97,000 98,477 98,517 47,912 47,594 318 3,137 63
KILUNGU 6 0,952 29,019 31,932 14,586 14,563 23 154 395
MAKINDU 8 4,946 42,204 42,742 21,756 21,662 94 852 100
MAKUENI 1 30,375 65,418 64,955 34,479 34,352 127 609 214
MBOONI EAST 9 7,756 48,152 49,601 23,734 23,724 10 693 141
MBOONI WEST 1 02,594 49,434 53,159 24,833 24,807 26 271 379
MUKAA 1 07,549 54,481 53,068 28,185 28,109 76 804 134
NZAUI 1 26,701 63,171 63,526 30,819 30,806 13 775 163
NYANDARUA 6 38,289 315,022 323,247 179,686 178,224 1,462 3,286 194
KINANGOP 1 11,410 54,727 56,679 30,970 30,847 123 294 379
NYANDARUA SOUTH 9 3,870 46,157 47,708 25,822 25,650 172 314 299
MIRANGINE 6 7,214 33,447 33,766 18,816 17,880 936 246 274
KIPIPIRI 9 3,855 46,113 47,740 25,200 25,077 123 456 206
NYANDARUA CENTRAL 7 5,262 37,329 37,931 21,942 21,852 90 347 217
NYANDARUA WEST 9 7,965 48,752 49,209 29,008 29,003 5 385 255
NYANDARUA NORTH 9 8,698 48,486 50,210 27,917 27,906 11 528 187
ABERDARE NATIONAL PARK 1 5 11 4 11 9 2 717 ..
NYERI 7 59,164 374,288 384,845 248,050 244,564 3,486 3,325 228
TETU 8 0,453 39,293 41,155 24,139 24,122 17 217 372
KIENI EAST 1 10,376 55,360 55,012 36,835 36,751 84 449 246
KIENI WEST 8 8,525 43,843 44,677 27,619 27,530 89 518 171
MATHIRA EAST 9 9,065 48,070 50,992 35,044 33,945 1,099 130 760
MATHIRA WEST 5 9,895 29,480 30,412 19,020 18,892 128 162 369
NYERI SOUTH 9 1,081 44,115 46,964 28,228 28,103 125 169 538
MUKURWE-INI 8 9,137 43,975 45,156 27,040 27,036 4 179 498
NYERI CENTRAL 1 40,338 69,955 70,380 49,945 48,036 1,909 168 837
MT. KENYA FOREST 1 88 123 65 101 101 - 611 ..
ABERDARE FOREST 1 06 74 32 79 48 31 722 ..
KIRINYAGA 6 10,411 302,011 308,369 204,188 203,576 612 1,478 413
KIRINYAGA CENTRAL 1 22,740 60,118 62,617 40,225 40,149 76 153 800
KIRINYAGA EAST 1 35,559 67,037 68,514 44,571 44,509 62 232 585
KIRINYAGA WEST 1 14,660 56,154 58,502 38,309 37,951 358 208 552
MWEA EAST 1 32,554 66,432 66,114 46,340 46,331 9 303 437
MWEA WEST 1 04,828 52,228 52,594 34,720 34,613 107 239 438
MOUNT KENYA FOREST 7 0 42 28 23 23 - 343 ..
MURANG'A 1 ,056,640 523,940 532,669 318,105 317,496 609 2,523 419
MURANG'A EAST 1 10,311 54,665 55,645 34,734 34,650 84 241 458
KANGEMA 8 0,447 39,582 40,862 25,293 25,283 10 174 463
MATHIOYA 9 2,814 45,454 47,359 28,400 28,372 28 178 523
*Intersex figures are too few to be distributed at sub national level. Totals may therefore differ slightly. 16


=== PAGE 28 ===

2019 Kenya Population and Housing Census: Volume II
Table 2.3: Distribution of Population by Sex, Number of Households, Land Area, Population Density and Sub County
Sex* Households Land Area Density
Sub County Group Persons Per
Total Male Female Total Conventional Sq. Km
Quarters Sq. Km
KAHURO 8 8,193 43,352 44,834 26,930 26,778 152 169 521
MURANG'A SOUTH 1 84,824 91,732 93,087 55,998 55,878 120 457 405
GATANGA 1 87,989 94,437 93,548 55,461 55,340 121 531 354
KIGUMO 1 36,921 67,989 68,929 40,552 40,528 24 244 561
KANDARA 1 75,098 86,698 88,393 50,704 50,657 47 235 746
ABERDARE FOREST 4 3 31 12 33 10 23 295 ..
KIAMBU 2 ,417,735 1,187,146 1,230,454 795,241 792,333 2,908 2,539 952
GATUNDU NORTH 1 09,870 54,189 55,678 31,472 31,452 20 286 384
GATUNDU SOUTH 1 22,103 60,384 61,714 35,609 35,577 32 194 631
GITHUNGURI 1 65,232 82,037 83,187 49,426 49,414 12 174 948
JUJA 3 00,948 148,446 152,480 104,301 104,042 259 342 880
KABETE 1 99,653 97,794 101,845 66,710 66,681 29 61 3,289
KIAMBAA 2 36,400 115,690 120,695 80,332 80,316 16 91 2,595
KIAMBU 1 45,903 69,661 76,225 47,275 46,816 459 98 1,483
KIKUYU 1 87,122 90,919 96,198 60,686 60,619 67 173 1,082
LARI 1 35,303 67,061 68,238 38,592 38,585 7 432 313
LIMURU 1 59,314 79,632 79,682 49,174 49,096 78 285 559
RUIRU 3 71,111 180,947 190,144 129,470 127,910 1,560 201 1,846
THIKA EAST 3 8,956 19,688 19,264 12,736 12,736 - 110 354
THIKA WEST 2 45,820 120,698 125,104 89,458 89,089 369 91 2,689
TURKANA 9 26,976 478,087 448,868 164,519 162,627 1,892 68,233 14
KIBISH 3 6,769 18,651 18,117 5,805 5,699 106 10,466 4
LOIMA 1 07,795 54,341 53,453 19,438 19,139 299 9,120 12
TURKANA CENTRAL 1 85,305 93,145 92,160 38,173 37,917 256 6,415 29
TURKANA EAST 1 38,526 76,871 61,643 17,981 17,887 94 11,396 12
TURKANA NORTH 6 5,218 32,810 32,408 13,119 12,964 155 7,012 9
TURKANA SOUTH 1 53,736 78,402 75,329 24,552 24,281 271 7,045 22
TURKANA WEST 2 39,627 123,867 115,758 45,451 44,740 711 16,779 14
WEST POKOT 6 21,241 307,013 314,213 116,182 115,761 421 9,123 68
KIPKOMO 1 02,633 50,923 51,703 18,370 18,367 3 766 134
POKOT CENTRAL 1 19,016 59,682 59,331 21,850 21,784 66 2,055 58
POKOT NORTH 1 34,485 64,780 69,702 25,804 25,736 68 3,911 34
POKOT SOUTH 8 0,661 39,808 40,851 13,817 13,752 65 537 150
WEST POKOT 1 84,446 91,820 92,626 36,341 36,122 219 1,855 99
SAMBURU 3 10,327 156,774 153,546 65,910 63,951 1,959 21,090 15
SAMBURU CENTRAL 1 64,942 83,633 81,307 34,202 33,720 482 3,699 45
SAMBURU EAST 7 7,994 38,211 39,782 18,424 17,307 1,117 10,016 8
SAMBURU NORTH 6 7,391 34,930 32,457 13,284 12,924 360 7,375 9
TRANS NZOIA 9 90,341 489,107 501,206 223,808 222,989 819 2,495 397
TRANS NZOIA WEST 2 02,377 101,198 101,174 47,603 47,576 27 355 569
TRANS NZOIA EAST 2 29,538 113,498 116,029 50,017 49,955 62 629 365
KWANZA 2 03,821 100,234 103,584 45,752 45,599 153 465 438
ENDEBESS 1 11,782 56,090 55,689 23,705 23,246 459 678 165
KIMININI 2 42,823 118,087 124,730 56,731 56,613 118 367 662
UASIN GISHU 1 ,163,186 580,269 582,889 304,943 301,110 3,833 3,399 342
AINABKOI 1 38,184 68,348 69,835 34,892 34,862 30 483 286
KAPSERET 1 98,499 99,650 98,845 59,746 59,678 68 299 663
KESSES 1 48,798 74,301 74,493 34,653 34,623 30 748 199
MOIBEN 1 81,338 90,309 91,027 46,729 46,602 127 770 236
SOY 2 29,094 114,082 115,007 53,784 53,758 26 668 343
TURBO 2 67,273 133,579 133,682 75,139 71,587 3,552 431 620
ELGEYO/MARAKWET 4 54,480 227,317 227,151 99,861 99,119 742 3,032 150
KEIYO NORTH 9 9,176 49,601 49,574 21,947 21,749 198 543 183
KEIYO SOUTH 1 20,750 60,919 59,827 27,029 26,740 289 898 134
MARAKWET EAST 9 7,041 47,849 49,190 21,362 21,123 239 853 114
MARAKWET WEST 1 37,513 68,948 68,560 29,523 29,507 16 738 186
*Intersex figures are too few to be distributed at sub national level. Totals may therefore differ slightly. 17


=== PAGE 29 ===

2019 Kenya Population and Housing Census: Volume II
Table 2.3: Distribution of Population by Sex, Number of Households, Land Area, Population Density and Sub County
Sex* Households Land Area Density
Sub County Group Persons Per
Total Male Female Total Conventional Sq. Km
Quarters Sq. Km
NANDI 8 85,711 441,259 444,430 199,426 199,040 386 2,849 311
CHESUMEI 1 64,133 80,949 83,180 39,051 39,011 40 475 346
NANDI CENTRAL 1 47,553 73,291 74,255 34,400 34,247 153 362 407
NANDI EAST 1 19,173 59,899 59,271 29,253 29,249 4 392 304
NANDI NORTH 1 66,171 82,512 83,656 35,297 35,257 40 606 274
NANDI SOUTH 1 72,750 85,718 87,029 37,094 37,038 56 457 378
TINDERET 1 15,931 58,890 57,039 24,331 24,238 93 557 208
BARINGO 6 66,763 336,322 330,428 142,518 141,877 641 10,985 61
BARINGO CENTRAL 9 6,951 48,120 48,829 23,555 23,523 32 786 123
BARINGO NORTH 1 04,871 52,369 52,500 23,500 23,345 155 1,629 64
EAST POKOT 7 9,923 40,462 39,459 14,498 14,392 106 2,500 32
KOIBATEK 1 29,535 65,295 64,238 30,774 30,752 22 939 138
MARIGAT 9 0,955 45,706 45,246 19,854 19,658 196 1,405 65
MOGOTIO 9 1,104 46,014 45,088 18,184 18,169 15 1,375 66
TIATY EAST 7 3,424 38,356 35,068 12,153 12,038 115 2,163 34
LAKE BARINGO - - - - - - 186 -
LAIKIPIA 5 18,560 259,440 259,102 149,271 145,776 3,495 9,508 55
LAIKIPIA CENTRAL 9 5,594 47,888 47,705 30,372 29,877 495 1,233 78
LAIKIPIA EAST 1 02,815 52,078 50,732 33,505 31,311 2,194 1,539 67
LAIKIPIA NORTH 3 6,184 18,067 18,116 7,752 7,694 58 2,550 14
LAIKIPIA WEST 1 29,263 65,158 64,102 33,025 32,821 204 3,372 38
NYAHURURU 1 54,704 76,249 78,447 44,617 44,073 544 813 190
NAKURU 2 ,162,202 1,077,272 1,084,835 616,046 598,237 17,809 7,505 288
GILGIL 1 85,209 92,955 92,247 58,920 49,405 9,515 1,075 172
KURESOI NORTH 1 75,074 87,472 87,599 40,359 40,168 191 618 283
KURESOI SOUTH 1 55,324 78,204 77,117 34,627 34,543 84 591 263
MOLO 1 56,732 78,129 78,598 41,462 41,439 23 483 324
NAIVASHA 3 55,383 179,222 176,132 117,633 111,493 6,140 1,958 181
NAKURU EAST 1 93,926 92,956 100,960 61,398 60,066 1,332 231 840
NAKURU NORTH 2 18,050 106,155 111,880 61,728 61,582 146 387 563
NAKURU WEST 1 98,661 101,797 96,854 64,481 64,429 52 72 2,764
NJORO 2 38,773 118,361 120,408 61,271 61,156 115 699 341
RONGAI 1 99,906 99,976 99,922 52,348 52,248 100 988 202
SUBUKIA 8 5,164 42,045 43,118 21,819 21,708 111 402 212
NAROK 1 ,157,873 579,042 578,805 241,125 238,115 3,010 17,932 65
NAROK EAST 1 15,323 58,699 56,617 25,078 24,860 218 2,042 56
NAROK NORTH 2 51,862 128,024 123,829 59,996 59,802 194 2,159 117
NAROK SOUTH 2 38,472 118,441 120,029 46,723 46,549 174 4,577 52
NAROK WEST 1 95,287 97,085 98,198 38,658 37,782 876 5,563 35
TRANS MARA EAST 1 11,183 54,545 56,637 20,506 20,439 67 310 359
TRANS MARA WEST 2 45,714 122,220 123,491 50,132 48,683 1,449 2,546 97
MAU FOREST 3 2 28 4 32 - 32 734 ..
KAJIADO 1 ,117,840 557,098 560,704 316,179 313,218 2,961 21,871 51
ISINYA 2 10,473 105,607 104,860 71,579 71,395 184 1,072 196
KAJIADO CENTRAL 1 61,862 81,514 80,343 37,238 37,059 179 4,239 38
KAJIADO NORTH 3 06,596 150,675 155,908 101,378 100,908 470 111 2,773
KAJIADO WEST 1 82,849 91,607 91,237 42,774 42,367 407 7,862 23
LOITOKITOK 1 91,846 94,613 97,225 47,058 45,581 1,477 6,337 30
MASHUURU 6 4,214 33,082 31,131 16,152 15,908 244 2,251 29
KERICHO 9 01,777 450,741 451,008 206,036 205,932 104 2,436 370
BELGUT 1 45,072 72,508 72,564 35,012 34,978 34 264 549
BURETI 1 99,470 98,823 100,642 43,117 43,098 19 321 622
KERICHO EAST 1 70,625 86,671 83,947 44,246 44,246 - 241 709
KIPKELION 1 22,530 61,066 61,460 24,688 24,676 12 350 350
LONDIANI 1 37,580 68,570 69,000 31,778 31,739 39 400 344
SOIN SIGOWET 1 26,500 63,103 63,395 27,195 27,195 - 466 271
MAU FOREST - - - - - - 201 -
*Intersex figures are too few to be distributed at sub national level. Totals may therefore differ slightly. 18


=== PAGE 30 ===

2019 Kenya Population and Housing Census: Volume II
Table 2.3: Distribution of Population by Sex, Number of Households, Land Area, Population Density and Sub County
Sex* Households Land Area Density
Sub County Group Persons Per
Total Male Female Total Conventional Sq. Km
Quarters Sq. Km
TINDERET FOREST - - - - - - 194 -
BOMET 8 75,689 434,287 441,379 187,641 187,230 411 2,507 349
BOMET EAST 1 44,275 71,095 73,172 29,958 29,897 61 305 473
CHEPALUNGU 1 64,837 79,921 84,912 33,931 33,850 81 461 358
KONOIN 1 63,507 83,120 80,384 38,178 38,123 55 393 417
SOTIK 2 27,855 112,369 115,482 47,315 47,265 50 544 419
BOMET CENTRAL 1 75,215 87,782 87,429 38,259 38,095 164 286 613
MAU FOREST - - - - - - 519 -
KAKAMEGA 1 ,867,579 897,133 970,406 433,207 432,284 923 3,017 619
BUTERE 1 54,100 73,634 80,463 36,243 36,243 - 210 734
KAKAMEGA CENTRAL 1 88,212 92,774 95,432 52,015 51,956 59 155 1,212
KAKAMEGA EAST 1 67,641 80,853 86,784 39,589 39,589 - 417 402
KAKAMEGA NORTH 2 38,330 115,511 122,814 51,083 50,952 131 421 566
KAKAMEGA SOUTH 1 11,743 53,219 58,524 26,964 26,940 24 146 764
KHWISERO 1 13,476 53,670 59,803 27,681 27,681 - 146 779
LIKUYANI 1 52,055 73,710 78,341 35,322 34,776 546 316 481
LUGARI 1 22,728 59,135 63,593 27,862 27,817 45 254 483
MATETE 6 6,172 31,749 34,423 13,956 13,956 - 103 644
MATUNGU 1 66,940 78,793 88,143 36,457 36,414 43 276 606
MUMIAS EAST 1 16,851 55,895 60,953 26,049 25,995 54 150 778
MUMIAS WEST 1 15,354 54,915 60,438 27,671 27,650 21 163 706
NAVAKHOLO 1 53,977 73,275 80,695 32,315 32,315 - 259 594
VIHIGA 5 90,013 283,678 306,323 143,365 143,288 77 564 1,047
EMUHAYA 9 7,141 46,507 50,633 23,804 23,803 1 89 1,091
VIHIGA 9 5,292 45,788 49,501 23,375 23,359 16 90 1,058
SABATIA 1 31,628 62,944 68,683 31,422 31,391 31 111 1,181
LUANDA 1 06,694 51,525 55,165 26,766 26,766 - 84 1,265
HAMISI 1 59,241 76,901 82,337 37,986 37,965 21 157 1,013
KAKAMEGA FOREST 1 7 13 4 12 4 8 32 1
BUNGOMA 1 ,670,570 812,146 858,389 358,796 357,714 1,082 3,024 552
BUMULA 2 15,892 103,368 112,523 44,954 44,922 32 345 625
BUNGOMA CENTRAL 1 77,748 86,302 91,438 37,803 37,535 268 233 764
BUNGOMA EAST 1 14,548 55,775 58,771 24,873 24,798 75 163 702
BUNGOMA NORTH 1 21,317 58,790 62,526 24,998 24,940 58 192 633
BUNGOMA SOUTH 2 87,765 139,705 148,055 69,151 69,088 63 321 896
CHEPTAIS 1 36,035 67,717 68,312 26,326 26,007 319 223 610
KIMILILI 1 62,038 78,560 83,475 35,263 35,053 210 180 902
MT ELGON 7 8,873 38,977 39,893 15,276 15,230 46 126 624
BUNGOMA WEST 1 19,875 58,225 61,649 25,172 25,166 6 211 568
TONGAREN 1 00,343 48,685 51,657 21,343 21,343 - 185 542
WEBUYE WEST 1 52,515 74,180 78,331 32,839 32,834 5 239 638
MT ELGON FOREST 3 ,621 1,862 1,759 798 798 - 606 6
BUSIA 8 93,681 426,252 467,401 198,152 197,944 208 1,700 526
BUNYALA 8 5,977 41,465 44,511 19,039 19,028 11 192 447
BUSIA 1 42,408 69,034 73,373 33,160 33,152 8 196 727
BUTULA 1 40,334 65,136 75,195 32,213 32,199 14 247 568
NAMBALE 1 11,636 52,900 58,732 23,892 23,889 3 238 469
SAMIA 1 07,176 50,821 56,341 23,884 23,813 71 262 408
TESO NORTH 1 38,034 66,412 71,619 29,395 29,314 81 261 529
TESO SOUTH 1 68,116 80,484 87,630 36,569 36,549 20 303 555
SIAYA 9 93,183 471,669 521,496 250,698 249,341 1,357 2,530 393
SIAYA 2 24,343 105,906 118,433 57,553 57,386 167 599 375
GEM 1 79,792 85,696 94,092 44,884 44,696 188 405 444
UGENYA 1 34,354 62,624 71,726 33,565 33,554 11 324 415
UGUNJA 1 04,241 48,912 55,329 26,328 26,321 7 201 519
BONDO 1 97,883 95,962 101,917 51,362 50,454 908 599 330
RARIEDA 1 52,570 72,569 79,999 37,006 36,930 76 402 379
*Intersex figures are too few to be distributed at sub national level. Totals may therefore differ slightly. 19


=== PAGE 31 ===

2019 Kenya Population and Housing Census: Volume II
Table 2.3: Distribution of Population by Sex, Number of Households, Land Area, Population Density and Sub County
Sex* Households Land Area Density
Sub County Group Persons Per
Total Male Female Total Conventional Sq. Km
Quarters Sq. Km
KISUMU 1 ,155,574 560,942 594,609 300,745 296,846 3,899 2,085 554
KISUMU EAST 2 20,997 108,304 112,689 61,871 61,499 372 142 1,560
KISUMU CENTRAL 1 74,145 84,155 89,985 52,331 52,163 168 37 4,737
KISUMU WEST 1 72,821 85,697 87,121 45,933 42,785 3,148 209 827
SEME 1 21,667 57,658 64,007 29,404 29,404 - 268 454
MUHORONI 1 54,116 76,770 77,345 37,193 36,982 211 658 234
NYANDO 1 61,508 77,121 84,380 38,460 38,460 - 446 362
NYAKACH 1 50,320 71,237 79,082 35,553 35,553 - 327 460
HOMA BAY 1 ,131,950 539,560 592,367 262,036 260,290 1,746 3,153 359
HOMA BAY 1 17,439 55,756 61,681 29,318 28,471 847 182 645
NDHIWA 2 18,136 103,706 114,422 48,062 47,956 106 713 306
RACHUONYO NORTH 1 78,686 85,409 93,273 41,809 41,661 148 435 410
RACHUONYO EAST 1 21,822 57,709 64,111 27,319 27,229 90 251 486
RACHUONYO SOUTH 1 30,814 61,663 69,151 30,990 30,693 297 256 511
RANGWE 1 17,732 55,404 62,325 27,003 26,983 20 274 429
SUBA NORTH 1 24,938 60,530 64,406 29,766 29,662 104 406 307
SUBA SOUTH 1 22,383 59,383 62,998 27,769 27,635 134 634 193
MIGORI 1 ,116,436 536,187 580,214 240,168 238,133 2,035 2,613 427
AWENDO 1 17,290 56,348 60,939 27,033 27,014 19 255 459
KURIA EAST 9 6,872 46,969 49,894 17,363 17,267 96 188 516
KURIA WEST 2 08,513 101,090 107,417 39,781 39,723 58 396 527
NYATIKE 1 76,162 83,989 92,164 40,257 39,358 899 677 260
RONGO 1 24,587 59,257 65,329 29,087 29,007 80 213 584
SUNA EAST 1 22,674 58,977 63,694 27,302 27,214 88 205 598
SUNA WEST 1 28,890 61,430 67,459 29,251 28,839 412 288 448
URIRI 1 41,448 68,127 73,318 30,094 29,711 383 392 361
KISII 1 ,266,860 605,784 661,038 308,054 307,254 800 1,323 957
ETAGO 8 3,787 40,137 43,647 18,610 18,610 - 108 773
GUCHA 8 3,740 39,631 44,108 19,657 19,621 36 82 1,020
GUCHA SOUTH 8 3,623 40,022 43,598 19,732 19,627 105 95 878
KENYENYA 1 31,740 62,859 68,878 30,989 30,985 4 142 930
KISII CENTRAL 1 66,906 81,330 85,573 44,311 44,037 274 136 1,229
KISII SOUTH 1 35,134 64,514 70,615 31,696 31,574 122 128 1,054
KITUTU CENTRAL 1 54,175 74,608 79,561 41,271 41,233 38 100 1,537
MARANI 1 07,464 50,598 56,864 26,186 26,133 53 128 837
MASABA SOUTH 1 22,396 58,143 64,248 29,232 29,206 26 161 759
NYAMACHE 1 30,898 62,113 68,782 30,712 30,583 129 163 805
SAMETA 6 6,997 31,829 35,164 15,658 15,645 13 79 847
NYAMIRA 6 05,576 290,907 314,656 150,669 150,499 170 897 675
BORABU 7 3,167 36,736 36,431 19,468 19,404 64 247 296
MANGA 9 4,209 44,868 49,339 23,869 23,836 33 111 845
MASABA NORTH 1 11,860 52,884 58,974 27,913 27,904 9 142 789
NYAMIRA NORTH 1 67,267 80,314 86,947 40,446 40,396 50 216 775
NYAMIRA SOUTH 1 59,073 76,105 82,965 38,973 38,959 14 182 876
NAIROBI CITY 4 ,397,073 2,192,452 2,204,376 1,506,888 1,494,676 12,212 704 6,247
DAGORETTI 4 34,208 217,651 216,526 155,089 154,949 140 29 14,908
EMBAKASI 9 88,808 492,476 496,270 347,955 346,462 1,493 86 11,460
KAMUKUNJI 2 68,276 136,670 131,599 84,365 83,680 685 11 25,455
KASARANI 7 80,656 381,234 399,385 271,290 268,611 2,679 86 9,063
KIBRA 1 85,777 94,199 91,569 61,690 61,651 39 12 15,311
LANG'ATA 1 97,489 96,698 100,774 62,239 60,187 2,052 217 911
MAKADARA 1 89,536 96,369 93,157 70,361 70,080 281 12 16,150
MATHARE 2 06,564 106,522 100,028 74,967 74,967 - 3 68,940
NJIRU 6 26,482 307,642 318,809 204,563 204,492 71 130 4,821
STAREHE 2 10,423 109,173 101,238 69,389 66,108 3,281 21 10,205
WESTLANDS 3 08,854 153,818 155,021 104,980 103,489 1,491 98 3,167
*Intersex figures are too few to be distributed at sub national level. Totals may therefore differ slightly. 20
